5 1 1 0
5 1 1 2.02040816326531
5 1 1 4.04081632653061
5 1 1 6.06122448979592
5 1 1 8.08163265306122
5 1 1 10.1020408163265
5 1 1 12.1224489795918
5 1 1 14.1428571428571
5 1 1 16.1632653061224
5 1 1 18.1836734693878
5 1 1 20.2040816326531
5 1 1 22.2244897959184
5 1 1 24.2448979591837
5 1 1 26.2653061224490
5 1 1 28.2857142857143
5 1 1 30.3061224489796
5 1 1 32.3265306122449
5 1 1 34.3469387755102
5 1 1 36.3673469387755
5 1 1 38.3877551020408
5 1 1 40.4081632653061
5 1 1 42.4285714285714
5 1 1 44.4489795918367
5 1 1 46.469387755102
5 1 1 48.4897959183673
5 1 1 50.5102040816327
5 1 1 52.5306122448980
5 1 1 54.5510204081633
5 1 1 56.5714285714286
5 1 1 58.5918367346939
5 1 1 60.6122448979592
5 1 1 62.6326530612245
5 1 1 64.6530612244898
5 1 1 66.6734693877551
5 1 1 68.6938775510204
5 1 1 70.7142857142857
5 1 1 72.734693877551
5 1 1 74.7551020408163
5 1 1 76.7755102040816
5 1 1 78.795918367347
5 1 1 80.8163265306122
5 1 1 82.8367346938775
5 1 1 84.8571428571428
5 1 1 86.8775510204081
5 1 1 88.8979591836735
5 1 1 90.9183673469388
5 1 1 92.938775510204
5 1 1 94.9591836734694
5 1 1 96.9795918367347
5 1 1 99
